386
496
390
534
534
534
534
534
533
393
319
319
534
534
319
319
319
613
587
583
593
394
584
585
535
535
394
613
303
543
580
386
338
416
459
462
533
483
579
306
306
319
306
306
313
596
319
533
568
394
315
315
437
513
394
512
384
341
325
566
566
513
388
466
580
598
406
580
583
389
397
397
397
595
570
301
329
379
595
378
378
312
389
397
570
397
583
377
367
428
329
512
534
367
391
570
378
512
437
421
580
367
391
440
402
402
585
462
595
425
387
512
319
319
342
534
394
534
394
573
573
394
306
580
393
534
338
533
415
570
398
459
547
300
421
303
379
394
306
370
390
306
425
419
306
576
303
419
394
306
404
321
400
444
611
591
436
394
496
398
594
394
419
303
303
422
496
379
354
570
388
394
320
388
394
374
381
306
303
306
419
487
466
556
378
436
370
487
387
329
394
436
402
320
320
406
394
392
594
329
387
329
321
315
346
388
409
487
483
429
316
548
321
444
374
315
402
580
394
600
319
388
466
446
492
421
394
321
387
329
329
346
594
300
308
300
309
301
300
300
304
301
301
301
301
301
301
315
438
300
300
301
305
300
614
301
302
419
300
301
302
303
304
305
306
307
308
309
310
311
312
313
314
315
300
308
300
309
301
300
300
304
301
301
301
301
301
301
315
438
300
300
301
305
300
614
301
302
419
300
301
302
303
304
305
306
307
308
309
310
311
312
313
314
315
316
317
318
319
320
321
322
323
324
325
326
320
328
329
330
329
332
333
334
335
336
337
338
339
340
341
342
344
344
345
346
347
348
349
350
351
352
353
354
355
356
357
358
359
360
361
362
363
364
365
366
367
368
369
370
371
372
373
374
375
376
377
377
379
380
381
382
383
384
390
386
388
388
389
390
391
392
393
394
395
396
397
398
399
400
401
401
403
404
405
406
407
408
409
410
411
412
413
414
415
416
417
418
419
420
421
422
423
424
425
426
427
428
429
430
431
432
433
434
435
436
331
438
439
440
441
442
443
444
445
446
447
331
438
439
440
441
442
443
444
445
446
447
459
460
461
462
463
464
465
466
459
460
461
462
463
464
465
466
475
476
477
498
417
480
481
482
423
484
498
498
487
498
423
423
491
492
493
494
495
423
423
498
499
502
501
502
503
504
505
506
507
508
509
510
511
512
513
514
515
516
517
518
505
506
507
508
509
510
511
512
513
514
515
516
517
518
533
533
534
536
537
538
539
540
541
542
539
544
545
546
547
548
549
550
551
423
423
554
423
556
557
558
557
560
553
562
563
564
565
419
567
568
570
570
571
571
573
574
407
576
577
578
579
580
581
582
583
584
585
586
587
588
589
590
591
592
593
313
595
596
597
598
599
600
601
602
603
604
605
606
423
410
409
410
611
612
613
614
615
