0
0
0
0
0
0
0
0
0
0
0
0
0
0
0
0
0
0
0
0
0
0
0
0
0
0
0
0
0
0
0
0
0
0
0
0
0
0
0
0
0
0
0
0
0
0
0
0
0
0
0
0
0
0
0
0
0
0
0
0
0
0
0
0
0
0
0
0
0
0
0
0
0
0
0
0
0
0
0
0
0
0
0
0
0
0
0
0
0
0
0
0
0
0
0
0
0
0
0
0
0
0
0
0
0
0
0
0
0
0
0
0
0
0
0
0
0
0
0
0
0
0
0
0
0
0
0
0
0
0
0
0
0
0
0
0
0
0
0
0
0
0
0
0
0
0
0
0
0
0
0
0
0
0
0
0
0
0
0
0
0
0
0
0
0
0
0
0
0
0
0
0
0
0
0
0
0
0
0
0
0
0
0
0
0
0
0
0
0
0
0
0
0
0
0
0
0
0
0
0
0
0
0
0
0
0
0
0
0
0
0
0
0
0
0
0
0
0
0
0
0
0
0
0
0
0
0
0
0
0
0
0
0
0
0
0
0
0
0
0
0
0
0
0
0
0
0
0
0
0
0
0
0
0
0
0
0
0
0
0
302
0
0
0
0
0
0
0
0
0
0
0
0
0
0
0
0
0
0
0
0
0
0
0
0
0
0
0
0
0
0
0
0
0
0
0
0
0
0
0
0
302
0
0
0
0
0
0
0
0
0
0
0
0
0
0
317
318
0
320
321
0
323
0
0
0
0
0
0
330
0
0
0
0
0
0
0
338
0
0
0
0
344
0
0
346
347
0
349
350
351
0
353
0
355
0
357
358
359
0
361
0
363
0
365
0
0
0
0
370
371
372
0
374
0
376
0
0
379
0
0
382
0
0
0
0
0
0
0
0
0
0
0
394
0
396
0
0
0
0
0
0
403
0
0
0
0
0
0
0
0
0
0
0
0
0
0
0
0
0
0
0
0
0
425
426
427
428
0
430
0
0
0
0
435
0
0
0
0
0
0
0
0
444
0
0
0
0
0
0
0
0
0
0
444
0
0
0
0
0
0
0
0
0
0
0
0
0
0
0
0
0
0
0
0
0
0
0
0
0
0
0
0
484
498
0
0
0
0
0
0
0
0
0
0
0
0
0
0
0
0
0
0
0
505
0
0
0
0
510
0
0
0
0
0
516
0
0
505
0
0
0
0
510
0
0
0
0
0
516
0
0
533
0
0
0
0
538
539
0
0
0
0
0
0
0
0
0
0
0
551
0
0
0
0
0
557
0
0
0
0
0
0
0
0
0
0
0
0
0
0
0
0
0
0
0
0
0
0
0
0
0
0
0
0
0
0
0
0
0
0
0
0
0
0
0
0
0
599
0
0
0
0
0
605
0
0
0
0
0
0
0
0
0
0
