1
2
3
7
5
7
13
8
13
10
12
12
7
7
15
16
17
18
19
20
21
22
23
107
25
26
122
28
124
32
127
34
132
36
37
38
39
40
41
42
40
40
45
46
47
48
49
50
51
52
50
50
50
56
50
58
59
60
61
50
63
63
62
66
62
55
69
70
71
72
198
74
75
76
77
78
79
80
72
82
83
84
85
86
87
87
89
90
91
92
93
94
95
96
97
98
99
100
101
94
103
104
106
105
440
36
109
110
111
112
113
114
115
119
117
118
119
120
121
122
123
124
125
126
127
128
129
130
131
132
133
134
135
136
137
138
139
140
141
142
2
144
144
146
142
148
149
150
151
152
153
154
155
156
158
157
159
158
161
162
163
164
165
166
167
168
169
170
171
172
173
174
175
176
177
178
179
180
141
182
183
184
185
186
187
188
182
182
182
192
182
194
195
196
197
198
199
200
201
202
203
204
232
206
207
208
196
210
211
212
213
214
215
216
208
218
219
220
221
222
223
224
225
226
227
228
229
230
230
205
233
275
276
277
278
238
280
281
241
283
284
285
286
287
247
248
290
291
292
252
253
295
255
297
298
258
234
301
302
303
304
305
306
307
308
309
310
311
271
313
273
315
234
235
236
237
238
239
240
241
242
243
244
245
246
247
248
249
250
251
252
253
254
255
256
257
258
234
260
261
262
263
264
265
266
267
268
269
270
271
272
273
274
316
317
318
319
320
321
322
323
324
324
326
327
328
329
329
331
332
333
334
334
336
337
338
339
340
341
342
344
344
345
346
347
348
349
350
351
352
353
354
355
356
357
358
359
360
361
362
363
364
365
366
367
368
369
370
371
372
373
374
375
376
378
377
379
380
381
382
383
389
384
386
388
388
389
390
391
392
125
394
395
396
397
398
399
400
401
401
403
404
405
406
407
408
609
610
411
412
413
414
415
416
417
418
419
420
421
422
423
424
425
426
427
428
429
430
431
432
433
434
435
436
448
438
450
440
452
453
443
455
456
446
458
437
438
439
440
441
442
443
444
445
446
447
467
468
469
470
463
464
473
466
459
460
461
462
463
464
465
466
423
476
477
478
423
480
481
482
483
484
485
486
487
488
489
508
490
492
493
490
194
496
497
485
499
485
501
502
503
504
505
520
521
522
523
524
525
526
527
528
529
530
531
532
505
506
507
508
509
510
511
512
513
514
515
516
517
518
533
534
534
536
537
538
539
540
541
542
539
544
545
546
547
548
549
550
551
552
553
554
555
556
557
558
559
560
561
562
563
564
565
566
567
568
570
570
572
571
571
574
407
576
577
578
423
580
581
582
583
584
586
584
194
587
589
589
591
592
593
594
595
596
597
598
599
600
601
602
603
604
605
606
573
610
609
610
611
612
613
614
615
0
60
581
60
0
171
0
60
0
584
55
60
547
60
60
329
184
60
92
55
581
581
572
581
141
19
217
337
598
459
19
0
578
0
337
459
0
184
19
607
459
171
0
0
0
581
105
171
278
105
469
19
105
19
608
60
469
466
55
394
397
0
422
60
0
274
144
581
60
547
60
184
581
0
572
217
60
184
0
105
329
202
498
184
19
184
387
0
265
60
201
98
584
162
0
0
438
0
329
55
0
98
496
387
55
0
492
459
194
19
105
469
52
406
105
108
572
184
0
459
193
578
194
194
105
60
0
19
180
66
278
98
60
0
19
0
581
136
329
578
0
55
329
60
406
60
581
0
144
98
79
105
60
55
214
0
55
329
459
157
0
220
55
581
60
105
55
105
171
184
105
329
0
105
572
0
329
459
105
547
194
0
581
57
329
342
492
0
105
60
0
60
320
19
572
105
171
19
217
60
144
394
584
581
329
0
581
337
572
262
459
550
144
60
443
0
60
55
0
60
194
40
407
78
0
0
171
581
329
55
581
182
278
171
513
105
19
184
0
184
55
60
578
459
107
