1
2
3
7
5
7
13
8
13
10
12
12
7
7
15
16
17
18
19
20
21
22
23
107
25
26
0
28
124
0
0
34
132
0
0
0
39
0
0
42
40
40
0
0
0
48
49
50
51
52
50
50
50
56
50
58
59
60
0
50
63
63
62
0
62
55
69
70
0
72
0
0
75
0
77
0
79
80
72
82
83
84
85
86
87
87
89
90
91
92
93
0
95
96
0
98
99
0
101
0
103
104
0
0
0
0
0
110
111
112
113
114
115
0
117
118
0
0
121
0
123
124
125
126
127
128
129
130
131
0
0
0
135
136
137
138
139
140
141
142
0
0
144
146
0
0
149
150
151
152
153
154
0
156
158
0
0
158
161
162
163
0
165
0
0
168
169
170
171
172
173
174
0
176
177
178
179
180
141
182
0
0
0
186
187
188
182
182
0
0
0
194
195
0
197
0
199
0
201
202
203
204
232
0
0
0
0
210
211
0
213
0
0
216
0
218
219
0
0
222
0
224
225
226
227
228
229
230
0
205
0
275
276
277
278
238
280
281
241
283
284
285
286
287
247
0
290
291
292
252
253
295
255
297
298
258
234
301
302
303
304
305
306
307
308
309
310
311
0
313
0
315
234
235
236
237
238
239
240
241
242
243
244
245
246
247
0
249
250
251
252
253
254
255
256
257
258
234
260
261
262
263
264
265
266
267
268
269
270
0
272
0
274
0
317
318
0
320
0
0
323
324
0
0
0
328
329
329
331
0
333
334
334
336
337
338
0
0
0
342
344
344
345
346
347
348
349
350
351
352
353
0
0
356
357
358
359
360
361
362
363
364
365
0
367
368
369
370
371
372
373
374
0
376
378
0
379
0
381
382
383
389
0
386
388
388
389
0
391
392
0
394
395
396
397
398
399
400
401
0
403
404
405
0
407
0
609
610
411
412
0
0
415
416
417
0
419
0
421
422
423
424
425
0
427
428
429
430
431
432
433
434
435
436
448
0
450
0
452
453
0
455
456
0
458
437
0
439
0
441
442
0
444
445
0
447
467
468
469
470
463
0
473
0
459
460
461
462
463
0
465
0
0
0
477
478
0
0
481
482
483
484
485
486
487
488
489
0
490
492
493
490
0
0
497
485
499
485
501
502
0
0
505
520
521
522
523
524
525
526
527
528
529
530
531
532
505
506
507
508
509
510
511
512
513
514
515
516
517
518
533
0
534
536
537
538
539
540
541
542
539
544
545
546
547
548
549
0
551
0
553
554
555
556
557
558
559
560
561
562
0
0
565
566
567
568
570
0
572
571
571
574
0
576
577
578
0
580
581
582
0
0
0
584
0
0
589
0
0
0
593
0
0
596
597
0
599
0
601
0
603
604
605
606
0
0
0
0
611
612
613
614
615
0
0
0
0
0
0
0
0
0
0
0
0
0
0
0
0
0
0
0
0
0
0
0
0
0
0
0
0
0
0
0
0
0
0
0
459
0
0
0
0
0
0
0
0
0
0
0
0
0
0
0
0
0
0
0
0
0
0
0
0
0
0
0
0
0
0
0
0
0
0
0
0
0
0
0
0
0
0
0
0
0
0
0
0
0
0
0
0
0
0
0
0
0
0
0
0
0
0
0
0
0
0
0
0
0
0
0
0
0
0
0
0
0
0
0
0
0
0
0
459
0
0
0
0
0
0
0
0
0
0
0
0
0
0
0
0
0
0
0
0
0
0
0
0
0
0
0
0
0
0
0
0
0
0
0
0
0
0
0
0
0
0
0
0
0
0
0
0
0
0
0
0
0
0
0
0
0
0
0
0
0
0
0
0
329
0
0
0
0
0
0
0
0
0
0
0
0
0
0
0
0
0
0
0
0
0
0
0
0
0
0
0
0
0
0
0
0
0
0
0
0
0
0
0
0
0
0
0
0
0
0
0
0
0
0
0
0
0
0
0
0
0
0
459
0
