1
2
3
4
5
6
7
8
9
10
11
12
13
7
15
16
17
18
19
20
21
22
23
24
25
26
27
28
179
0
124
126
127
34
35
0
37
38
39
40
41
42
43
44
45
46
47
48
49
50
62
52
53
54
55
56
57
58
59
60
61
54
63
64
65
67
67
65
69
70
71
72
73
79
75
76
77
78
79
80
81
82
83
84
85
86
87
88
89
90
91
92
93
94
95
96
97
98
99
100
101
94
103
104
23
105
24
108
109
110
111
112
114
114
115
116
117
118
119
120
121
27
123
124
125
126
127
128
129
130
131
35
133
134
135
136
137
138
139
140
141
142
143
181
145
146
147
148
149
150
151
152
153
154
155
156
157
158
159
160
161
162
163
165
165
166
167
168
169
170
171
172
173
174
175
176
177
178
179
180
181
182
183
184
185
186
187
188
189
188
191
187
186
194
195
196
197
196
199
202
201
202
203
204
232
206
207
208
196
210
211
548
213
214
215
216
217
218
219
220
221
222
54
224
225
226
227
228
75
61
188
232
233
234
235
236
237
238
239
240
241
242
243
244
245
246
247
248
249
250
251
252
253
254
255
256
257
258
259
260
261
262
263
264
265
266
267
268
269
270
271
272
273
274
234
235
236
237
238
239
240
241
242
243
244
245
246
247
248
249
250
251
252
253
254
255
256
257
258
259
260
261
262
263
264
265
266
267
268
269
270
271
272
273
274
316
317
318
319
320
321
322
323
324
325
326
320
328
329
330
329
332
333
334
335
336
337
338
339
340
341
342
344
344
345
346
347
348
349
350
351
352
353
354
355
356
357
358
359
360
361
362
363
364
365
366
367
368
369
370
371
372
373
374
375
376
377
377
379
380
381
382
383
384
210
386
388
0
389
390
391
392
393
394
395
396
397
398
399
400
401
401
403
404
405
406
407
408
409
410
411
412
413
414
415
416
417
418
419
420
421
422
423
424
425
426
427
428
429
430
431
432
433
434
435
436
331
438
439
440
441
442
443
444
445
446
447
331
438
439
440
441
442
443
444
445
446
447
459
460
461
462
463
61
465
466
459
460
461
462
463
61
465
466
219
476
477
498
40
480
481
482
423
484
498
498
487
498
423
423
491
492
493
494
495
423
423
498
499
502
501
502
503
504
505
506
507
508
509
510
511
512
513
514
515
516
517
518
505
506
507
508
509
510
511
512
513
514
515
516
517
518
533
533
534
536
537
538
539
540
541
542
539
544
545
546
547
548
549
550
551
423
423
554
423
556
557
558
557
560
553
562
563
564
565
60
567
568
570
570
571
571
573
574
407
576
577
578
579
580
581
582
583
584
585
586
587
588
589
590
591
592
593
184
0
596
597
598
599
600
601
602
603
604
605
606
423
410
409
410
611
612
613
614
615
