1
2
3
4
5
7
13
8
13
10
12
11
7
7
15
16
17
18
19
20
21
22
23
107
25
26
122
18
124
0
0
34
132
0
0
0
39
40
0
42
40
44
0
0
0
48
49
50
51
52
53
54
50
50
50
58
59
60
0
50
63
63
62
0
62
50
69
70
71
72
198
74
75
0
0
78
79
80
82
82
0
84
75
86
87
87
89
90
91
92
93
94
95
96
97
0
0
0
101
94
103
104
106
0
0
108
0
110
0
0
113
113
115
0
117
118
119
120
121
122
123
124
0
126
127
128
129
130
131
132
0
0
135
136
137
138
139
140
181
0
2
0
144
146
0
0
149
0
0
152
153
154
0
156
158
158
0
0
161
0
163
0
165
0
0
168
169
170
171
172
173
174
175
176
177
178
142
180
181
182
0
0
0
186
187
188
189
182
0
0
0
194
195
194
197
0
199
200
201
200
0
0
0
194
0
0
0
210
211
0
213
0
0
216
217
0
219
0
219
222
0
224
225
226
227
228
219
230
0
205
0
275
276
277
278
238
280
281
241
283
284
285
286
287
0
0
290
291
292
252
253
295
255
297
298
258
234
301
302
303
263
305
306
307
308
309
310
311
0
313
0
315
234
235
236
237
238
239
240
241
242
243
244
245
246
0
0
249
250
251
252
253
254
255
256
257
258
234
260
261
262
263
264
265
266
267
268
269
270
0
272
0
274
316
317
318
0
320
320
0
323
324
0
326
327
328
329
330
331
332
0
334
334
336
337
338
339
0
0
342
344
0
345
346
347
348
349
350
350
352
353
0
0
356
357
358
359
360
361
362
363
364
365
0
367
368
350
370
371
372
373
374
0
376
378
0
379
0
381
382
383
389
0
386
387
388
384
0
391
392
0
394
395
396
397
398
399
400
401
402
403
404
405
406
407
0
609
610
0
412
413
0
415
416
417
0
419
0
421
422
423
424
425
0
427
428
429
430
431
432
433
434
435
436
448
0
450
0
452
453
443
444
456
0
458
437
0
439
0
441
442
443
444
445
0
447
467
468
469
470
0
464
473
0
459
460
461
462
0
464
465
0
0
0
0
478
0
497
481
482
483
484
485
486
487
488
489
490
492
491
493
494
495
0
497
485
499
500
501
0
0
504
505
520
521
522
523
524
525
526
527
528
529
530
531
532
505
506
507
508
509
510
511
512
513
514
515
516
517
518
533
534
534
536
537
538
539
540
541
542
543
544
545
546
547
548
549
550
551
552
553
554
555
556
557
558
559
560
561
562
563
0
565
566
567
568
569
570
571
571
573
574
0
576
577
578
579
580
0
582
0
0
0
586
587
587
589
0
0
0
0
0
0
596
597
0
599
600
601
0
603
604
605
606
0
0
0
0
611
612
613
614
615
0
0
0
0
0
0
0
0
0
0
0
0
0
0
0
0
0
0
0
0
0
0
0
0
0
0
184
0
0
0
0
0
0
0
0
329
0
0
0
0
0
0
0
0
0
0
0
0
0
0
0
0
0
0
0
0
0
0
0
0
0
0
0
0
0
0
0
0
0
0
0
0
0
0
0
0
0
0
0
0
0
0
0
0
0
184
0
0
0
0
0
0
0
0
0
0
0
0
0
0
0
0
0
0
0
0
0
0
0
0
0
0
0
0
0
0
0
0
0
329
0
0
0
0
0
0
0
0
0
0
0
0
0
0
329
0
0
0
0
0
0
0
0
0
0
0
0
0
0
0
0
0
0
0
0
0
0
0
0
0
0
0
0
0
0
0
0
0
0
0
0
0
0
0
0
0
0
0
0
0
0
0
0
0
329
0
0
0
0
0
0
0
0
0
0
0
0
0
184
0
0
0
0
0
0
0
0
0
0
0
0
0
0
0
0
0
0
0
0
0
0
0
0
0
0
0
0
0
0
0
0
0
0
0
0
0
0
184
0
0
0
0
0
329
0
