0
0
0
0
0
0
0
0
0
0
0
0
0
0
0
0
0
0
0
0
0
0
0
0
0
0
0
0
0
0
0
0
0
0
0
0
0
0
0
0
0
0
0
0
0
0
0
0
0
0
0
0
0
0
0
0
0
0
0
0
0
0
0
0
0
0
0
0
0
0
0
0
0
0
0
0
0
0
0
0
0
0
0
0
0
0
0
0
0
0
0
0
0
0
0
0
0
0
0
0
0
0
0
0
0
0
0
0
0
0
0
0
0
0
0
0
0
0
0
0
0
0
0
0
0
0
0
0
0
0
0
0
0
0
0
0
0
0
0
0
0
0
0
0
0
0
0
0
0
0
0
0
0
0
0
0
0
0
0
0
0
0
0
0
0
0
0
0
0
0
0
0
0
0
0
0
0
0
0
0
0
0
0
0
0
0
0
0
0
0
0
0
0
0
0
0
0
0
0
0
0
0
0
0
0
0
0
0
0
0
0
0
0
0
0
0
0
0
0
0
0
0
0
0
0
0
0
0
0
0
0
0
0
0
0
0
0
0
0
0
0
0
0
0
0
0
0
0
0
0
0
0
0
0
0
0
0
0
0
301
302
0
304
0
0
0
0
0
0
0
0
313
0
0
0
0
0
0
0
0
0
0
0
0
0
0
0
0
0
0
0
0
0
0
0
0
0
0
0
0
301
302
0
304
0
0
0
0
0
0
0
0
313
0
0
0
317
318
319
320
321
322
323
324
0
0
0
328
0
330
329
0
0
0
335
0
337
338
0
0
341
342
344
0
345
346
347
0
349
350
351
352
353
0
355
356
357
358
359
360
361
362
363
364
365
366
367
0
369
370
371
372
373
374
375
376
0
0
379
0
381
382
383
0
0
0
0
0
389
0
0
392
0
394
395
396
397
398
399
400
401
0
403
404
405
0
407
0
409
0
0
412
0
0
0
416
417
418
0
0
421
0
423
424
425
426
427
428
0
430
0
432
0
0
435
0
0
0
439
0
0
442
0
444
445
0
447
0
0
439
0
0
442
0
444
445
0
447
0
460
0
0
463
0
465
0
0
460
0
0
463
0
465
0
0
476
477
0
0
480
481
482
0
484
498
0
0
0
0
0
0
0
0
0
0
0
0
498
499
502
0
0
0
0
505
506
0
508
509
510
511
0
513
0
515
516
0
0
505
506
0
508
509
510
511
0
513
0
515
516
0
0
533
0
0
0
537
538
539
540
541
0
0
544
545
546
547
548
549
0
551
0
0
0
0
556
557
558
557
0
0
0
0
0
565
419
0
568
0
0
0
0
573
574
0
0
577
0
0
580
581
0
583
584
0
0
0
0
0
590
0
0
593
0
0
596
597
0
599
0
601
0
0
0
605
0
0
0
409
0
611
0
613
614
615
