0
0
0
0
0
0
0
0
0
0
0
0
0
0
0
0
0
0
0
0
0
0
0
0
0
0
0
0
0
0
0
0
0
0
0
0
0
0
0
306
0
0
0
0
0
0
0
0
0
0
0
0
0
0
0
0
0
0
0
0
0
0
0
0
0
0
0
0
0
0
0
0
0
0
0
0
0
0
0
0
0
0
0
0
0
0
0
0
0
0
0
0
0
0
0
0
0
0
0
0
0
0
0
0
0
0
0
0
0
0
0
0
0
0
0
0
0
0
0
0
0
0
0
0
0
0
0
0
0
0
0
0
0
0
0
0
0
0
0
0
0
0
0
0
0
0
0
0
0
0
0
0
0
0
0
0
0
0
0
0
0
0
0
0
0
0
0
0
0
0
0
0
0
0
0
0
0
0
0
0
0
0
0
0
0
0
0
0
0
0
0
0
0
0
0
0
0
0
0
0
0
0
0
0
0
0
0
0
0
0
0
0
0
0
0
0
0
0
0
0
0
0
0
0
0
0
0
0
0
0
0
0
0
0
0
0
0
0
0
0
0
0
0
0
0
0
0
0
0
0
0
0
0
0
0
0
0
0
300
301
302
0
304
0
0
307
0
0
0
0
0
313
0
0
0
0
0
0
0
0
0
0
0
0
0
0
0
0
0
0
0
0
0
0
0
0
0
0
0
300
301
302
0
304
0
0
307
0
0
0
0
0
313
0
0
0
317
318
319
320
321
322
323
324
325
0
0
328
0
330
329
332
0
334
335
0
337
338
0
0
341
342
344
0
345
346
347
348
349
350
351
352
353
354
355
356
357
358
359
360
361
362
363
364
365
366
367
368
369
370
371
372
373
374
375
376
377
377
379
0
381
382
383
384
0
386
388
0
389
0
391
392
393
394
395
396
397
398
399
400
401
401
403
404
405
406
407
0
409
410
411
412
0
0
415
416
417
418
419
0
421
422
423
424
425
426
427
428
429
430
431
432
433
434
435
436
0
0
439
0
0
442
443
444
445
0
447
0
0
439
0
0
442
443
444
445
0
447
0
460
0
0
463
0
465
466
0
460
0
0
463
0
465
466
0
476
477
0
0
480
481
482
423
484
498
498
0
0
423
423
491
492
493
494
0
0
0
498
499
502
501
0
0
0
505
506
507
508
509
510
511
0
513
0
515
516
0
518
505
506
507
508
509
510
511
0
513
0
515
516
0
518
533
533
0
536
537
538
539
540
541
542
539
544
545
546
547
548
549
0
551
0
0
0
0
556
557
558
557
0
0
562
563
0
565
419
567
568
0
570
571
571
573
574
0
576
577
0
579
580
581
582
583
584
0
0
587
588
589
590
0
0
593
0
0
596
597
0
599
0
601
602
603
604
605
0
423
0
409
410
611
0
613
614
615
