0
0
0
0
0
0
0
0
0
0
0
0
0
0
0
0
0
0
587
0
0
0
0
0
0
0
0
0
0
0
0
0
0
0
0
0
533
0
0
306
0
0
306
306
0
0
0
0
0
0
0
0
0
0
0
0
0
0
0
566
0
0
388
0
0
0
0
0
0
0
0
0
0
0
570
0
0
0
0
0
0
0
0
0
0
0
0
0
0
0
0
0
0
0
0
0
0
0
0
0
0
0
0
0
0
0
0
0
0
0
0
0
0
0
0
0
0
0
0
0
0
0
0
0
0
0
0
0
0
570
0
0
0
0
0
0
0
0
0
0
0
0
0
0
0
0
0
0
0
0
0
0
0
0
0
0
0
0
0
398
0
0
0
0
0
0
0
0
0
0
0
0
0
0
0
0
0
0
0
0
0
0
466
0
0
0
0
0
0
0
0
0
0
320
320
0
0
0
0
0
387
0
0
0
0
0
0
0
0
0
0
548
0
0
0
0
0
0
0
0
0
0
0
0
0
0
0
0
387
0
0
0
0
0
308
0
309
0
300
300
0
0
0
0
0
0
0
0
0
0
0
0
0
0
0
0
0
0
300
301
302
303
304
305
306
307
0
0
0
311
312
313
314
315
0
308
0
309
0
300
300
0
0
0
0
0
0
0
0
0
0
0
0
0
0
0
0
0
0
300
301
302
303
304
305
306
307
0
0
0
311
312
313
314
315
316
317
318
319
320
321
322
323
324
325
326
0
328
329
330
329
332
333
334
335
336
337
338
339
0
341
342
344
344
345
346
347
348
349
350
351
352
353
354
355
356
357
358
359
360
361
362
363
364
365
366
367
368
369
370
371
372
373
374
375
376
377
377
379
380
381
382
383
384
0
386
388
0
389
390
391
392
393
394
395
396
397
398
399
400
401
401
403
404
405
406
407
408
409
410
411
412
413
414
415
416
417
418
419
420
421
422
423
424
425
426
427
428
429
430
431
432
433
434
435
436
0
438
439
440
441
442
443
444
445
446
447
0
438
439
440
441
442
443
444
445
446
447
459
460
461
462
463
0
465
466
459
460
461
462
463
0
465
466
475
476
477
498
417
480
481
482
423
484
498
498
487
498
423
423
491
492
493
494
495
423
423
498
499
502
501
502
503
504
505
506
507
508
509
510
511
512
513
514
515
516
517
518
505
506
507
508
509
510
511
512
513
514
515
516
517
518
533
533
534
536
537
538
539
540
541
542
539
544
545
546
547
548
549
550
551
423
423
554
423
556
557
558
557
560
553
562
563
564
565
419
567
568
570
570
571
571
573
574
407
576
577
578
579
580
581
582
583
584
0
586
587
588
589
590
0
592
593
0
0
596
597
598
599
600
601
602
603
604
605
606
423
0
409
410
611
612
613
614
615
