1
2
3
4
5
6
7
8
9
10
11
12
13
14
15
16
17
18
19
20
21
22
23
0
25
26
27
28
31
32
127
34
17
108
37
38
39
262
41
42
43
44
45
46
47
48
18
50
92
52
53
54
55
56
56
57
59
61
61
50
63
64
65
67
67
68
69
70
71
72
73
74
75
76
77
78
79
80
72
82
83
84
85
86
87
88
89
90
91
92
93
94
95
96
97
98
81
100
101
0
103
104
106
62
24
108
109
110
111
112
113
114
115
116
117
118
119
120
121
27
123
31
125
126
127
128
129
130
131
35
133
134
135
136
137
138
139
140
141
180
2
145
145
146
142
148
149
150
151
152
153
154
155
156
158
157
159
160
161
162
163
165
165
166
167
168
169
170
171
172
173
174
175
176
177
178
179
179
181
182
183
0
185
186
187
188
189
188
191
186
193
194
195
196
197
198
199
202
201
200
203
204
205
206
207
207
201
210
211
212
213
214
0
216
0
218
219
220
221
222
222
224
225
226
227
228
229
230
231
205
233
275
0
236
278
279
280
240
241
283
284
244
245
246
288
289
249
291
292
252
253
295
296
297
298
299
259
260
261
0
263
264
265
266
0
0
269
270
271
0
273
274
234
0
236
237
238
239
240
241
242
243
244
245
246
247
248
249
250
251
252
253
254
255
256
257
258
259
260
261
262
263
264
265
266
267
268
269
270
271
272
273
274
0
0
0
0
195
0
0
0
0
0
0
0
0
0
0
0
0
0
0
0
0
0
0
0
0
0
0
0
0
0
0
0
0
0
0
0
0
0
0
0
0
0
0
0
0
0
0
0
0
0
0
0
0
0
0
0
0
0
0
0
0
0
0
0
0
0
0
0
0
0
0
0
0
0
0
0
0
0
0
0
0
0
0
0
0
0
0
0
0
0
0
0
0
0
0
0
0
0
0
0
0
0
0
194
0
0
0
0
0
0
0
0
0
0
0
0
0
0
157
0
227
0
0
0
0
0
0
0
0
0
0
0
0
0
0
0
0
229
0
0
0
0
0
0
0
0
0
0
0
0
183
194
0
43
0
0
61
0
0
0
0
0
0
0
0
0
0
0
0
0
194
0
0
0
194
0
0
0
0
0
0
0
0
0
194
0
0
0
0
0
0
0
194
0
0
0
0
0
0
0
0
0
0
0
0
98
194
0
0
0
0
0
0
0
0
0
0
37
0
0
0
0
0
0
0
0
0
0
0
0
0
0
0
0
0
0
0
0
0
0
0
0
0
0
0
0
0
0
0
60
60
0
0
219
229
0
0
0
0
0
0
0
0
0
0
0
0
0
0
0
0
0
0
0
0
0
0
0
0
0
0
0
17
0
0
0
0
0
0
0
0
0
0
0
0
0
0
0
0
0
