1
2
3
7
5
7
13
8
13
10
12
12
7
7
15
16
17
18
19
20
21
22
23
107
25
26
122
28
124
32
0
34
132
0
37
38
39
0
41
42
40
40
45
46
47
48
49
50
51
52
50
50
50
56
50
58
59
60
61
50
63
63
62
0
62
55
69
70
71
72
198
74
75
76
77
78
79
80
72
82
83
84
85
86
87
87
89
90
91
92
93
0
95
96
97
98
99
0
101
0
103
104
106
0
0
36
0
110
111
112
113
114
115
119
117
118
119
120
121
122
123
124
125
126
127
128
129
130
131
132
133
134
135
136
137
138
139
140
141
142
2
144
144
146
0
148
149
150
151
152
153
154
155
156
158
0
159
158
161
162
163
164
165
166
167
168
169
170
171
172
173
174
175
176
177
178
179
180
141
182
183
0
185
186
187
188
182
182
182
0
182
194
195
0
197
198
199
200
201
202
203
204
232
0
207
0
0
210
211
212
213
0
215
216
208
218
219
0
221
222
0
224
225
226
227
228
229
230
230
205
233
275
276
277
278
238
280
281
241
283
284
285
286
287
247
248
290
291
292
252
253
295
255
297
298
258
234
301
302
303
304
305
306
307
308
309
310
311
271
313
273
315
234
235
236
237
238
239
240
241
242
243
244
245
246
247
248
249
250
251
252
253
254
255
256
257
258
234
260
261
262
263
264
265
266
267
268
269
270
271
272
273
274
316
317
318
319
320
321
322
323
324
0
326
327
328
329
329
331
332
333
334
334
336
337
338
339
0
0
342
344
344
345
346
347
348
349
350
351
352
353
354
355
356
357
358
359
360
361
362
363
364
365
366
367
368
369
370
371
372
373
374
375
376
378
377
379
0
381
382
383
389
0
386
388
388
389
0
391
392
0
394
395
396
397
398
399
400
401
401
403
404
405
406
407
0
609
610
411
412
413
0
415
416
417
418
419
0
421
422
423
424
425
426
427
428
429
430
431
432
433
434
435
436
448
438
450
440
452
453
443
455
456
446
458
437
438
439
440
441
442
443
444
445
446
447
467
468
469
470
463
464
473
466
459
460
461
462
463
464
465
466
423
476
477
478
423
480
481
482
483
484
485
486
487
488
489
0
490
492
493
490
194
496
497
485
499
485
501
502
503
504
505
520
521
522
523
524
525
526
527
528
529
530
531
532
505
506
507
508
509
510
511
512
513
514
515
516
517
518
533
534
534
536
537
538
539
540
541
542
539
544
545
546
547
548
549
550
551
552
553
554
555
556
557
558
559
560
561
562
563
564
565
566
567
568
570
570
572
571
571
574
407
576
577
578
423
580
581
582
583
584
0
584
194
0
589
0
591
592
593
0
0
596
597
0
599
0
601
602
603
604
605
606
573
0
0
0
611
612
613
614
615
0
0
0
0
0
0
0
0
0
0
0
0
0
0
0
0
0
0
0
0
0
0
0
0
0
0
217
0
0
0
0
0
0
0
0
459
0
0
0
0
0
0
0
0
0
0
0
0
0
0
0
0
0
0
0
0
0
0
0
0
0
0
0
0
0
0
0
0
0
0
0
0
0
0
0
0
0
0
0
0
329
0
0
0
0
184
0
0
0
0
0
0
0
0
0
0
0
0
0
0
0
0
0
0
0
0
0
0
0
0
0
0
0
0
0
0
0
0
0
459
0
0
0
0
0
0
0
0
0
0
0
0
0
0
0
0
0
0
0
0
0
0
0
0
0
0
0
0
0
0
0
0
0
0
0
0
0
0
0
0
0
0
0
0
0
0
0
0
0
0
0
0
0
0
0
0
0
0
0
0
0
0
0
0
329
0
0
0
0
0
0
0
0
0
0
0
0
0
217
0
0
0
0
0
329
0
0
0
0
0
0
0
0
0
0
0
0
0
0
0
0
0
0
0
0
0
0
0
0
0
0
0
0
0
0
0
0
184
0
0
0
0
0
459
0
