1
2
3
4
5
6
13
8
13
10
12
11
7
7
15
16
17
18
19
20
21
22
23
107
25
26
122
28
124
0
0
34
132
0
0
0
39
0
0
42
43
44
45
0
47
48
49
50
51
52
53
54
0
56
50
58
59
60
61
62
63
64
65
0
62
65
69
70
71
72
198
74
75
76
77
78
79
80
82
82
83
84
75
86
87
88
89
90
91
92
93
94
95
96
97
0
99
0
101
94
103
104
106
0
0
108
0
110
111
0
113
113
115
116
117
118
119
120
121
122
123
124
125
126
127
128
129
130
131
0
0
0
135
136
137
138
139
140
141
0
2
144
144
146
0
148
149
150
151
152
153
154
0
156
158
0
159
158
161
162
163
0
165
0
167
168
169
170
171
172
173
174
175
176
177
178
142
180
181
182
0
0
0
186
187
188
189
190
0
0
0
194
195
0
197
198
199
200
201
200
162
191
205
0
0
0
0
210
211
212
213
0
0
216
217
218
0
0
0
222
223
224
225
226
227
228
0
230
230
205
0
275
276
277
278
238
280
281
241
283
284
285
286
287
247
248
290
291
292
252
253
295
255
297
298
258
259
301
302
303
263
305
306
307
308
309
310
311
0
313
0
315
234
235
236
237
238
239
240
241
242
243
244
245
246
247
248
249
250
251
252
253
254
255
256
257
258
259
260
261
262
263
264
265
266
267
268
269
270
0
272
0
274
316
317
318
319
320
0
322
323
324
0
326
327
328
329
0
331
332
0
334
335
336
337
338
339
340
0
342
344
344
345
346
347
348
349
350
351
352
353
0
0
356
357
358
359
360
361
362
363
364
365
366
367
368
369
370
371
372
373
374
375
376
378
377
379
0
381
382
383
389
0
386
387
388
384
390
391
392
0
394
395
396
397
398
399
400
401
402
403
404
405
406
407
0
609
610
411
412
413
0
415
416
417
418
419
420
421
422
423
424
425
0
427
428
429
430
431
432
433
434
435
436
448
0
450
440
452
453
443
444
456
0
458
437
0
439
440
441
442
443
444
445
0
447
467
468
469
470
463
464
473
466
459
460
461
462
463
464
465
466
0
476
476
478
0
480
481
482
0
484
485
485
487
488
0
0
492
491
493
494
495
0
497
485
499
500
501
502
503
504
505
520
521
522
523
524
525
526
527
528
529
530
531
532
505
506
507
508
509
510
511
512
513
514
515
516
517
518
533
0
0
536
537
538
539
540
541
542
543
544
545
546
547
548
549
550
551
0
553
0
555
556
557
558
0
560
561
562
563
0
565
566
567
568
0
570
571
571
573
574
0
576
577
0
0
580
0
582
583
0
0
586
0
0
589
0
0
0
593
0
0
596
597
0
599
0
601
602
0
0
605
606
0
0
0
0
611
612
613
614
615
0
0
0
0
0
0
0
0
0
0
0
0
0
0
0
0
0
0
0
0
0
0
0
0
0
0
0
0
0
0
0
0
0
0
0
0
0
0
0
0
0
0
0
0
0
0
0
0
0
0
0
0
0
0
0
0
0
0
0
0
0
0
0
0
0
0
0
0
0
0
0
0
0
0
0
0
0
0
0
0
0
0
0
0
0
0
0
0
0
0
0
0
0
0
0
0
0
0
0
0
0
0
0
0
0
0
0
0
0
0
0
0
0
0
0
0
0
0
0
0
0
0
0
0
0
0
0
0
0
0
0
0
0
0
0
0
0
0
0
0
0
0
0
0
0
0
0
0
0
0
0
0
0
0
0
0
0
0
0
0
0
0
0
0
0
0
0
0
0
0
0
0
0
0
0
0
0
0
0
0
0
0
0
0
0
0
0
0
0
0
0
0
0
0
0
0
0
0
0
0
0
0
0
0
0
0
0
0
0
0
0
0
0
0
0
0
0
0
0
0
0
0
0
0
0
0
0
0
0
0
0
0
0
0
0
0
0
0
0
0
0
0
0
0
0
