0
0
0
534
534
534
534
534
533
0
319
319
534
534
319
319
319
613
587
0
0
394
584
585
535
535
0
0
303
0
0
0
0
0
0
462
533
483
0
306
0
319
306
306
0
0
319
533
0
394
315
315
437
513
394
512
0
341
0
566
566
513
388
466
0
598
0
580
0
389
397
0
0
0
570
0
0
0
595
0
0
0
389
397
570
0
583
0
0
0
0
0
534
367
0
570
0
512
437
421
580
367
0
0
402
402
585
462
0
0
0
0
319
0
342
534
0
0
394
0
573
0
0
0
393
0
0
0
415
570
0
0
0
0
0
303
379
394
0
0
0
306
0
419
306
0
303
419
394
306
0
0
400
0
0
0
436
394
0
398
594
394
0
303
303
0
0
0
0
570
0
394
0
0
394
0
0
306
303
306
419
487
466
556
378
0
370
0
387
0
0
0
0
320
320
406
394
392
0
0
387
329
0
315
0
0
0
0
483
0
0
548
321
444
0
0
0
0
394
600
319
0
466
446
0
0
394
0
387
0
0
0
0
300
308
300
309
0
300
300
304
301
0
0
301
0
301
315
0
0
0
301
0
300
0
301
0
0
300
301
302
303
304
305
306
307
308
309
310
311
312
313
314
315
300
308
300
309
0
300
300
304
301
0
0
301
0
301
315
0
0
0
301
0
300
0
301
0
0
300
301
302
303
304
305
306
307
308
309
310
311
312
313
314
315
316
317
318
319
320
321
322
323
324
325
326
320
328
329
330
329
332
333
334
335
336
337
338
339
340
341
342
344
344
345
346
347
348
349
350
351
352
353
354
355
356
357
358
359
360
361
362
363
364
365
366
367
368
369
370
371
372
373
374
375
376
377
377
379
380
381
382
383
384
390
386
388
388
389
390
391
392
393
394
395
396
397
398
399
400
401
401
403
404
405
406
407
408
409
410
411
412
413
414
415
416
417
418
419
420
421
422
423
424
425
426
427
428
429
430
431
432
433
434
435
436
331
438
439
440
441
442
443
444
445
446
447
331
438
439
440
441
442
443
444
445
446
447
459
460
461
462
463
464
465
466
459
460
461
462
463
464
465
466
475
476
477
498
417
480
481
482
423
484
498
498
487
498
423
423
491
492
493
494
495
423
423
498
499
502
501
502
503
504
505
506
507
508
509
510
511
512
513
514
515
516
517
518
505
506
507
508
509
510
511
512
513
514
515
516
517
518
533
533
534
536
537
538
539
540
541
542
539
544
545
546
547
548
549
550
551
423
423
554
423
556
557
558
557
560
553
562
563
564
565
419
567
568
570
570
571
571
573
574
407
576
577
578
579
580
581
582
583
584
585
586
587
588
589
590
591
592
593
313
595
596
597
598
599
600
601
602
603
604
605
606
423
410
409
410
611
612
613
614
615
