1
2
3
4
5
6
7
8
9
10
11
12
13
14
15
16
17
18
19
20
21
22
23
24
25
26
27
28
31
32
127
34
17
108
37
38
39
262
41
42
43
44
45
46
47
48
18
50
92
52
53
54
55
56
56
57
59
61
61
50
63
64
65
67
67
68
69
70
71
72
73
74
75
76
77
78
79
80
72
82
83
84
85
86
87
88
89
90
91
92
93
94
95
96
97
98
81
100
101
94
103
104
106
62
24
108
109
110
111
112
113
114
115
116
117
118
119
120
121
27
123
31
125
126
127
128
129
130
131
35
133
134
135
136
137
138
139
140
141
180
2
145
145
146
142
148
149
150
151
152
153
154
155
156
158
157
159
160
161
162
163
165
165
166
167
168
169
170
171
172
173
174
175
176
177
178
179
179
181
182
183
184
185
186
187
188
189
188
191
186
193
194
195
196
197
198
199
202
201
200
203
204
205
206
207
207
201
210
211
212
213
214
78
216
217
218
219
220
221
222
222
224
225
226
227
228
229
230
231
205
233
275
0
236
278
279
280
240
241
283
284
244
245
246
288
289
249
291
292
252
253
295
296
297
298
299
259
260
261
43
263
264
265
266
267
268
269
270
271
164
273
274
234
0
236
237
238
239
240
241
242
243
244
245
246
247
248
249
250
251
252
253
254
255
256
257
258
259
260
261
262
263
264
265
266
267
268
269
270
271
272
273
274
106
47
98
42
195
195
0
247
144
74
195
179
107
202
61
60
16
106
222
190
60
142
87
164
175
58
115
157
210
18
205
157
142
0
183
134
88
179
183
99
170
0
0
250
117
0
251
193
0
0
109
135
0
265
147
295
14
0
193
210
38
185
185
214
58
58
184
71
206
59
14
181
0
206
6
103
170
125
149
84
149
7
7
0
71
202
23
190
174
212
132
137
136
139
0
232
137
93
7
182
34
40
180
194
196
223
211
222
195
132
25
214
62
268
199
60
199
212
157
182
227
142
202
0
215
98
75
185
214
12
224
142
280
152
144
136
201
229
110
24
116
134
180
0
105
157
183
55
91
186
183
194
105
43
136
221
61
196
196
206
0
49
182
222
102
38
38
182
255
150
194
182
222
40
194
0
0
19
19
222
222
60
60
60
194
0
222
0
292
5
125
214
194
58
75
7
0
0
0
60
157
0
222
5
6
98
194
250
75
93
0
55
50
222
38
0
222
37
93
7
212
194
98
222
191
106
106
202
0
221
60
64
64
97
50
185
222
222
222
37
40
229
182
222
221
174
60
185
60
60
60
49
7
219
229
206
206
121
180
110
222
193
197
0
65
52
146
137
201
179
134
19
270
222
175
157
156
202
48
279
60
60
17
169
212
184
56
121
202
222
0
119
0
47
247
48
128
23
19
7
