1
2
3
4
0
6
7
8
9
10
11
12
13
14
15
16
17
18
19
20
21
22
23
0
25
0
27
0
31
32
127
34
0
0
37
0
39
0
41
42
43
44
45
46
0
48
18
50
92
52
53
54
0
0
0
0
0
61
61
50
63
64
65
0
0
68
0
70
0
72
0
0
75
0
77
78
79
80
72
82
83
0
85
86
87
88
89
90
91
92
93
0
95
96
0
98
0
0
101
0
103
104
0
0
24
0
0
110
111
112
113
114
115
0
117
118
119
0
121
27
123
31
125
126
127
128
129
130
131
35
133
134
0
136
0
138
139
140
0
0
0
145
145
146
0
148
0
150
151
152
153
154
155
156
0
157
159
0
161
0
0
0
165
0
0
168
169
0
0
172
173
174
175
176
177
178
179
179
181
182
0
0
0
186
187
188
189
188
191
0
0
194
195
196
197
0
199
202
201
200
203
0
0
0
0
0
0
210
211
0
213
0
0
0
0
218
0
0
221
222
0
0
0
226
0
228
0
0
231
205
0
275
0
0
278
279
280
240
241
283
284
244
245
246
288
289
0
291
292
252
0
295
296
297
298
299
0
260
261
0
263
0
0
0
0
0
0
0
0
0
0
0
234
0
0
237
238
239
240
241
242
243
244
245
246
247
248
0
250
251
252
0
254
255
256
257
258
259
260
261
262
263
264
265
266
267
268
269
270
271
272
0
274
0
0
0
0
0
0
0
0
0
0
0
0
0
0
0
0
0
0
0
0
0
0
0
0
0
0
0
0
0
0
0
0
0
0
0
0
0
0
0
0
0
0
0
0
0
0
0
0
0
0
0
0
0
0
0
0
0
0
0
0
0
0
0
0
0
0
0
0
0
0
0
0
0
0
0
0
0
0
0
0
0
0
0
0
0
0
0
0
0
0
0
0
0
0
0
0
0
0
0
0
0
0
0
0
0
0
0
0
0
0
0
0
0
0
0
0
0
0
0
0
0
0
0
0
0
0
0
0
0
0
0
0
0
0
0
0
0
0
0
0
0
0
0
0
0
0
0
0
0
0
0
0
0
0
0
0
0
0
0
0
0
0
0
0
0
0
0
0
0
0
0
0
0
0
0
0
0
0
0
0
0
0
0
0
0
0
0
0
0
0
0
0
0
0
0
0
0
0
0
0
0
0
0
0
0
0
0
0
0
0
0
0
0
0
0
0
0
0
0
0
0
0
0
0
0
0
0
0
0
0
0
0
0
0
0
0
0
0
0
0
0
0
0
0
0
0
0
0
0
0
0
0
0
0
0
0
0
0
0
0
0
0
0
0
0
0
0
0
0
0
0
0
0
0
0
0
0
0
0
0
0
0
0
0
0
0
0
0
0
0
0
0
0
0
0
0
0
0
0
0
