0
0
0
0
0
0
0
0
0
0
0
0
0
0
0
0
0
0
0
0
0
0
0
0
0
0
0
0
0
0
0
0
0
0
0
0
0
0
0
0
0
0
0
0
0
0
0
0
0
0
0
0
0
0
0
0
0
0
0
0
0
0
0
0
0
0
0
0
0
0
0
0
0
0
0
0
0
0
0
0
0
0
0
0
0
0
0
0
0
0
0
0
0
0
0
0
0
0
0
0
0
0
0
0
0
0
0
0
0
0
0
0
0
0
0
0
0
0
0
0
0
0
0
0
0
0
0
0
0
0
0
0
0
0
0
0
0
0
0
0
0
0
0
0
0
0
0
0
0
0
0
0
0
0
0
0
0
0
0
0
0
0
0
0
0
0
0
0
0
0
0
0
0
0
0
0
0
0
0
0
0
0
0
0
0
0
0
0
0
0
0
0
0
0
0
0
0
0
0
0
0
0
0
0
0
0
0
0
0
0
0
0
0
0
0
0
0
0
0
0
0
0
0
0
0
0
0
0
0
0
0
0
0
0
0
0
0
0
0
0
0
0
0
0
0
0
0
0
0
0
0
0
0
0
0
0
0
0
0
301
302
0
304
0
0
0
0
0
0
0
0
0
0
0
0
0
0
0
0
0
0
0
0
0
0
0
0
0
0
0
0
0
0
0
0
0
0
0
0
0
301
302
0
304
0
0
0
0
0
0
0
0
0
0
0
0
317
318
319
320
321
322
323
324
0
0
0
0
0
330
0
0
0
0
0
0
337
338
0
0
341
342
344
0
345
346
347
0
349
350
351
352
353
0
355
356
357
358
359
360
361
362
363
364
365
366
0
0
369
370
371
372
373
374
375
376
0
0
379
0
0
382
383
0
0
0
0
0
0
0
0
392
0
394
0
396
397
0
399
400
0
0
403
404
0
0
0
0
0
0
0
0
0
0
0
0
417
418
0
0
421
0
0
0
425
426
427
428
0
430
0
0
0
0
435
0
0
0
0
0
0
0
0
444
0
0
447
0
0
0
0
0
0
0
444
0
0
447
0
0
0
0
0
0
0
0
0
0
0
0
0
0
0
0
0
0
0
0
0
480
481
0
0
484
498
0
0
0
0
0
0
0
0
0
0
0
0
498
0
0
0
0
0
0
505
0
0
508
509
510
511
0
513
0
515
516
0
0
505
0
0
508
509
510
511
0
513
0
515
516
0
0
533
0
0
0
537
538
539
0
0
0
0
544
0
0
547
0
549
0
551
0
0
0
0
556
557
558
0
0
0
0
0
0
0
0
0
0
0
0
0
0
0
0
0
0
577
0
0
0
0
0
583
0
0
0
0
0
0
590
0
0
0
0
0
0
0
0
599
0
601
0
0
0
605
0
0
0
0
0
0
0
0
0
615
