0
2
3
4
5
7
13
8
13
0
12
11
7
7
15
16
0
0
19
20
0
22
23
107
25
0
0
18
124
0
0
34
132
0
0
0
0
0
0
0
40
44
0
0
0
48
0
50
51
52
53
54
0
50
50
0
59
60
0
50
63
63
0
0
62
0
69
70
0
72
0
74
75
0
0
78
0
0
82
82
0
84
0
86
87
87
0
90
91
92
93
0
95
96
0
0
0
0
0
0
0
104
106
0
0
108
0
110
0
0
0
0
115
0
0
0
0
0
0
0
0
124
0
126
0
128
129
0
0
132
0
0
0
0
0
138
139
140
181
0
0
0
0
0
0
0
149
0
0
0
153
154
0
0
0
158
0
0
161
0
0
0
0
0
0
0
0
170
171
172
173
174
175
0
177
178
142
0
181
182
0
0
0
186
187
188
189
0
0
0
0
194
195
0
197
0
199
0
201
0
0
0
0
0
0
0
0
0
211
0
213
0
0
0
217
0
219
0
0
222
0
224
225
0
227
228
0
230
0
205
0
275
276
277
278
238
280
281
241
283
284
285
286
287
0
0
290
291
292
252
0
295
0
297
298
258
0
301
302
303
263
305
306
307
308
309
310
311
0
313
0
315
234
235
236
237
238
239
240
241
242
243
244
245
246
0
0
249
250
251
252
0
254
0
256
257
258
0
260
261
262
263
264
265
266
267
268
269
270
0
272
0
274
316
0
318
0
320
0
0
0
324
0
0
0
0
329
330
331
0
0
334
334
336
337
0
0
0
0
342
344
0
0
346
347
348
349
350
350
0
353
0
0
0
357
0
359
0
0
362
0
364
365
0
0
0
350
370
371
372
373
374
0
376
378
0
0
0
0
0
0
389
0
386
387
388
384
0
0
392
0
394
395
396
397
398
399
400
401
402
403
0
405
406
407
0
609
610
0
0
0
0
415
416
417
0
419
0
421
422
423
424
425
0
427
428
429
430
0
0
433
434
435
436
448
0
450
0
452
453
443
444
456
0
458
437
0
439
0
441
442
443
444
445
0
447
467
468
469
470
0
464
473
0
459
460
461
462
0
464
465
0
0
0
0
478
0
0
481
0
483
0
485
486
487
488
0
0
492
491
493
494
495
0
497
485
499
500
501
0
0
0
505
520
521
522
523
524
525
526
527
528
529
530
531
532
505
506
507
508
509
510
511
512
513
514
515
516
517
518
533
0
534
0
537
0
539
540
541
542
543
544
545
546
547
548
549
550
551
552
553
554
555
556
557
558
559
560
561
562
563
0
565
566
567
568
569
570
571
571
573
574
0
576
577
578
579
580
0
0
0
0
0
586
587
0
589
0
0
0
0
0
0
596
597
0
0
600
0
0
0
604
605
606
0
0
0
0
611
0
613
0
0
0
0
0
0
0
0
0
0
0
0
0
0
0
0
0
0
0
0
0
0
0
0
0
0
0
0
0
0
0
0
0
0
0
0
0
329
0
0
0
0
0
0
0
0
0
0
0
0
0
0
0
0
0
0
0
0
0
0
0
0
0
0
0
0
0
0
0
0
0
0
0
0
0
0
0
0
0
0
0
0
0
0
0
0
0
0
0
0
0
0
0
0
0
0
0
0
0
0
0
0
0
0
0
0
0
0
0
0
0
0
0
0
0
0
0
0
0
0
0
329
0
0
0
0
0
0
0
0
0
0
0
0
0
0
329
0
0
0
0
0
0
0
0
0
0
0
0
0
0
0
0
0
0
0
0
0
0
0
0
0
0
0
0
0
0
0
0
0
0
0
0
0
0
0
0
0
0
0
0
0
0
0
0
0
329
0
0
0
0
0
0
0
0
0
0
0
0
0
0
0
0
0
0
0
0
0
0
0
0
0
0
0
0
0
0
0
0
0
0
0
0
0
0
0
0
0
0
0
0
0
0
0
0
0
0
0
0
0
0
0
0
0
0
329
0
